function c = coffie(t0, t1, t2, t3, t4, x0, x1, x2, x3, x4)
b = [x0 x1 x1 x2 x2 x3 x3 x4 0 0 0 0 0 0 0 0 0 0 0 0 0 0 0 0 0 0 0 0 0 0 0 0]';
A1 = [t0^7     t0^6     t0^5     t0^4     t0^3     t0^2     t0     1 zeros(1, 24)];
A2 = [t1^7     t1^6     t1^5     t1^4     t1^3     t1^2     t1     1 zeros(1, 24)];
A3 = [zeros(1, 8) t1^7     t1^6     t1^5     t1^4     t1^3     t1^2     t1     1 zeros(1, 16)];
A4 = [zeros(1, 8) t2^7     t2^6     t2^5     t2^4     t2^3     t2^2     t2     1 zeros(1, 16)];
A5 = [zeros(1, 16) t2^7     t2^6     t2^5     t2^4     t2^3     t2^2     t2     1 zeros(1, 8)];
A6 = [zeros(1, 16) t3^7     t3^6     t3^5     t3^4     t3^3     t3^2     t3     1 zeros(1, 8)];
A7 = [zeros(1, 24) t3^7     t3^6     t3^5     t3^4     t3^3     t3^2     t3     1];
A8 = [zeros(1, 24) t4^7     t4^6     t4^5     t4^4     t4^3     t4^2     t4     1];
A9 =  [  7*t0^6   6*t0^5   5*t0^4  4*t0^3 3*t0^2  2*t0  1  0 zeros(1, 24)];
A10 = [ 42*t0^5  30*t0^4  20*t0^3 12*t0^2 6*t0    2     0  0 zeros(1, 24)];
A11 = [210*t0^4 120*t0^3  60*t0^2 24*t0   6       0     0  0 zeros(1, 24)];
A12 = [zeros(1, 24)   7*t4^6   6*t4^5   5*t4^4  4*t4^3 3*t4^2  2*t4  1  0];
A13 = [zeros(1, 24)  42*t4^5  30*t4^4  20*t4^3 12*t4^2 6*t4    2     0  0];
A14 = [zeros(1, 24) 210*t4^4 120*t4^3  60*t4^2 24*t4   6       0     0  0];
A15 = [   7*t1^6   6*t1^5   5*t1^4   4*t1^3   3*t1^2   2*t1   1   0    -7*t1^6    -6*t1^5    -5*t1^4   -4*t1^3   -3*t1^2   -2*t1   -1   0 zeros(1, 16)];
A16 = [  42*t1^5  30*t1^4  20*t1^3  12*t1^2   6*t1     2      0   0   -42*t1^5   -30*t1^4   -20*t1^3  -12*t1^2   -6*t1     -2       0   0 zeros(1, 16)];
A17 = [ 210*t1^4 120*t1^3  60*t1^2  24*t1     6        0      0   0   -210*t1^4 -120*t1^3   -60*t1^2  -24*t1     -6         0       0   0 zeros(1, 16)];
A18 = [ 840*t1^3 360*t1^2 120*t1    24        0        0      0   0   -840*t1^3 -360*t1^2  -120*t1    -24         0         0       0   0 zeros(1, 16)];
A19 = [2520*t1^2 720*t1   120       0         0        0      0   0  -2520*t1^2 -720*t1    -120         0         0         0       0   0 zeros(1, 16)];
A20 = [5040*t1   720       0        0         0        0      0   0  -5040*t1   -720         0          0         0         0       0   0 zeros(1, 16)];
A21 = [zeros(1, 8)    7*t2^6   6*t2^5   5*t2^4   4*t2^3   3*t2^2   2*t2   1   0     -7*t2^6    -6*t2^5    -5*t2^4   -4*t2^3   -3*t2^2   -2*t2   -1   0 zeros(1, 8)];
A22 = [zeros(1, 8)   42*t2^5  30*t2^4  20*t2^3  12*t2^2   6*t2     2      0   0    -42*t2^5   -30*t2^4   -20*t2^3  -12*t2^2   -6*t2     -2       0   0 zeros(1, 8)];
A23 = [zeros(1, 8)  210*t2^4 120*t2^3  60*t2^2  24*t2     6        0      0   0   -210*t2^4  -120*t2^3   -60*t2^2  -24*t2     -6         0       0   0 zeros(1, 8)];
A24 = [zeros(1, 8)  840*t2^3 360*t2^2 120*t2    24        0        0      0   0   -840*t2^3  -360*t2^2  -120*t2    -24         0         0       0   0 zeros(1, 8)];
A25 = [zeros(1, 8) 2520*t2^2 720*t2   120       0         0        0      0   0  -2520*t2^2  -720*t2    -120         0         0         0       0   0 zeros(1, 8)];
A26 = [zeros(1, 8) 5040*t2   720       0        0         0        0      0   0  -5040*t2    -720         0          0         0         0       0   0 zeros(1, 8)];
A27 = [zeros(1,16)    7*t3^6   6*t3^5   5*t3^4   4*t3^3   3*t3^2   2*t3   1   0     -7*t3^6    -6*t3^5    -5*t3^4   -4*t3^3   -3*t3^2   -2*t3   -1   0];
A28 = [zeros(1,16)   42*t3^5  30*t3^4  20*t3^3  12*t3^2   6*t3     2      0   0    -42*t3^5   -30*t3^4   -20*t3^3  -12*t3^2   -6*t3     -2       0   0];
A29 = [zeros(1,16)  210*t3^4 120*t3^3  60*t3^2  24*t3     6        0      0   0   -210*t3^4  -120*t3^3   -60*t3^2  -24*t3     -6         0       0   0];
A30 = [zeros(1,16)  840*t3^3 360*t3^2 120*t3    24        0        0      0   0   -840*t3^3  -360*t3^2  -120*t3    -24         0         0       0   0];
A31 = [zeros(1,16) 2520*t3^2 720*t3   120       0         0        0      0   0  -2520*t3^2  -720*t3    -120         0         0         0       0   0];
A32 = [zeros(1,16) 5040*t3   720       0        0         0        0      0   0  -5040*t3    -720         0          0         0         0       0   0];

A =[A1;A2;A3;A4;A5;A6;A7;A8;A9;A10;A11;A12;A13;A14;A15;A16;A17;A18;A19;A20;A21;A22;A23;A24;A25;A26;A27;A28;A29;A30;A31;A32];
c = A\b;
end